 0.49666856045373E-11,
 -.24034342222385E-11, 0.49683881140190E-11
 0.17617771056849E-11, -.48118116237686E-12, 0.49666856045373E-11
 0.48118116237686E-12, -.30453112191748E-11, 0.24034342222385E-11, 0.49683881140190E-11
 -.36848540005226E-11, 0.24034342222385E-11, -.30436087096996E-11, -.48118116237686E-12
 0.49666856045373E-11,
 0.24034342222385E-11, -.36861171162830E-11, 0.48118116237686E-12, 0.17630402214389E-11
 -.24034342222385E-11, 0.49683881140190E-11
 -.30436087096996E-11, 0.48118116237686E-12, -.36848540005226E-11, -.24034342222385E-11
 0.17617771056849E-11, -.48118116237686E-12, 0.49666856045373E-11
 -.48118116237686E-12, 0.17630402214389E-11, -.24034342222385E-11, -.36861171162830E-11
 0.48118116237686E-12, -.30453112191748E-11, 0.24034342222385E-11, 0.49683881140190E-11