 -126.26262626263    ,
 0.60174087934683E-13,  1027.9322565537    
 0.69497359256321E-16, -.60174087934683E-13, -126.26262626263    
 0.60174087934683E-13,  1027.9322565537    , -.60174087934683E-13,  1027.9322565537    
 0.69497359256321E-16, -.60174087934683E-13,  126.26262626263    , -.60174087934683E-13
 -126.26262626263    ,
 -.60174087934683E-13, -1027.9322565537    , 0.60174087934683E-13, -1027.9322565537    
 0.60174087934683E-13,  1027.9322565537    
  126.26262626263    , 0.60174087934683E-13, 0.69497359256321E-16, 0.60174087934683E-13
 0.69497359256321E-16, -.60174087934683E-13, -126.26262626263    
 -.60174087934683E-13, -1027.9322565537    , 0.60174087934683E-13, -1027.9322565537    
 0.60174087934683E-13,  1027.9322565537    , -.60174087934683E-13,  1027.9322565537    