  12731.481608796    ,
 -4340.2778211806    ,  12731.481608796    
  1157.4074189815    ,  868.05556423611    ,  12731.481608796    
 -868.05556423611    , -7523.1482233796    ,  4340.2778211806    ,  12731.481608796    
 -6365.7408043981    ,  4340.2778211806    , -7523.1482233796    ,  868.05556423611    
  12731.481608796    ,
  4340.2778211806    , -6365.7408043981    , -868.05556423611    ,  1157.4074189815    
 -4340.2778211806    ,  12731.481608796    
 -7523.1482233796    , -868.05556423611    , -6365.7408043981    , -4340.2778211806    
  1157.4074189815    ,  868.05556423611    ,  12731.481608796    
  868.05556423611    ,  1157.4074189815    , -4340.2778211806    , -6365.7408043981    
 -868.05556423611    , -7523.1482233796    ,  4340.2778211806    ,  12731.481608796    